weights: [[-0.06403692593970638], [-0.05972962644107188], [-0.06656904136928607], [-0.06737627885681337], [-0.07024722888355862], [-0.057678920901749045], [-0.05994011140996966], [-0.06492186491817635], [-0.07145376000522584], [-0.07425543823001618], [-0.06241049367399596], [-0.06049346185831192], [-0.057036305000682054], [-0.05909123921956795], [-0.06242130466603535], [-0.06183186263258897]] 
biases: 0.47651348738555427
model: [16, 1]