weights: [[0.12534226407635848], [0.10031725147938338], [0.1001103747155495], [0.11106281675385979], [0.09994282910191751], [0.12060019633187889], [0.11238160828043892], [0.1034354147879212], [0.1219902271006373], [0.11291626316098886], [0.11637955952023238], [0.11068128950656352], [0.11070815968562298], [0.11870986550313989], [0.0974096504741588], [0.10460985294393205]] 
biases: -0.8231411139684737
model: [16, 1]